1.000 0.751 0.329 0.168 0.207 0.152 0.202
0.751 1.000 1.276 0.504 0.783 0.233 1.048
0.329 1.276 1.000 0.316 0.330 0.234 0.481
0.168 0.504 0.316 1.000 0.127 0.141 0.282
0.207 0.783 0.330 0.127 1.000 0.058 0.266
0.152 0.233 0.234 0.141 0.058 1.000 0.073
0.202 1.048 0.481 0.282 0.266 0.073 1.000
